23273168916
23273161058
23273169710
23273162841
23273167381
23273168641
23273164058
23273166593
23273164035
23273166561
23273164430
23273169556
23273164464
23273165500
23273165611
23273167236
23273169757
23273169733
23273166975
23273168887
23273167408
23273160377
23273165197
23273162394
23273163635
23273161457
23273163039
23273163025
23273166406
23273161373
23273167648
23273166036
23273169586
23273162082
23273168731
23273160383
23273165972
23273164062
23273162782
23273163657
23273167354
23273164620
23273168292
23273164534
23273169636
23273166553
23273162883
23273168520
23273162084
23273164751
23273168281
23273162930
23273168140
23273164957
23273165052
23273161773
23273160099
23273163713
23273168403
23273160688
23273168196
23273161082
23273163812
23273169981
23273166236
23273160365
23273164465
23273160767
23273167976
23273167537
23273169829
23273160904
23273166879
23273164836
23273165480
23273169807
23273167140
23273168195
23273169158
23273168839
23273166845
23273169567
23273162416
23273164589
23273167402
23273169555
23273164666
23273160256
23273160036
23273164344
23273160980
23273163558
23273169429
23273165163
23273165832
23273168670
23273163639
23273167041
23273169849
23273168804